      Alive  Apoptotic  Necrotic
Time                            
0      1137          0         0
30     1223          3         0
60     1228          7         3
90     1215         28         9
120    1169         73        20
150    1159         98        23
180    1135        124        35
210    1163        119        36
240    1065        170       108
270     996        218       151
300     942        275       164
330     937        302       167
360     931        315       185
390     856        340       267
420     758        403       334
450     740        431       348
480     761        436       349
510     781        425       364
540     768        415       401
570     713        414       439
600     697        419       455
630     706        402       460
660     719        373       471
690     697        320       505
720     667        285       533
750     655        257       545
780     659        236       549
810     660        214       559
840     621        172       601
870     586        145       635
900     579        131       644
930     591        118       645
960     589        106       658
990     550         89       709
1020    525         80       752
1050    534         70       761
1080    550         72       762
1110    568         68       773
1140    560         69       804
1170    549         64       835
1200    558         59       842
1230    572         59       845
1260    575         55       856
1290    565         51       885
1320    558         46       906
1350    548         49       914
1380    553         50       916
1410    547         49       928
1440    524         45       959
Alive        1228
Apoptotic     436
Necrotic      959
dtype: int64
Alive        524
Apoptotic      0
Necrotic       0
dtype: int64
         Alive  Apoptotic  Necrotic
Time                               
0     0.870739   0.000000  0.000000
30    0.992898   0.006881  0.000000
60    1.000000   0.016055  0.003128
90    0.981534   0.064220  0.009385
120   0.916193   0.167431  0.020855
150   0.901989   0.224771  0.023983
180   0.867898   0.284404  0.036496
210   0.907670   0.272936  0.037539
240   0.768466   0.389908  0.112617
270   0.670455   0.500000  0.157456
300   0.593750   0.630734  0.171011
330   0.586648   0.692661  0.174140
360   0.578125   0.722477  0.192909
390   0.471591   0.779817  0.278415
420   0.332386   0.924312  0.348279
450   0.306818   0.988532  0.362878
480   0.336648   1.000000  0.363921
510   0.365057   0.974771  0.379562
540   0.346591   0.951835  0.418144
570   0.268466   0.949541  0.457769
600   0.245739   0.961009  0.474453
630   0.258523   0.922018  0.479666
660   0.276989   0.855505  0.491137
690   0.245739   0.733945  0.526590
720   0.203125   0.653670  0.555787
750   0.186080   0.589450  0.568300
780   0.191761   0.541284  0.572471
810   0.193182   0.490826  0.582899
840   0.137784   0.394495  0.626694
870   0.088068   0.332569  0.662148
900   0.078125   0.300459  0.671533
930   0.095170   0.270642  0.672576
960   0.092330   0.243119  0.686131
990   0.036932   0.204128  0.739312
1020  0.001420   0.183486  0.784150
1050  0.014205   0.160550  0.793535
1080  0.036932   0.165138  0.794578
1110  0.062500   0.155963  0.806048
1140  0.051136   0.158257  0.838373
1170  0.035511   0.146789  0.870699
1200  0.048295   0.135321  0.877998
1230  0.068182   0.135321  0.881126
1260  0.072443   0.126147  0.892596
1290  0.058239   0.116972  0.922836
1320  0.048295   0.105505  0.944734
1350  0.034091   0.112385  0.953076
1380  0.041193   0.114679  0.955162
1410  0.032670   0.112385  0.967675
1440  0.000000   0.103211  1.000000
Saving fig as pulse150_run0.png
Saving normalized fig as normalized_pulse150_run0.png
