      Alive  Apoptotic  Necrotic
Time                            
0       948          0         0
30     1183          5         0
60     1187         13         6
90     1117         68        35
120     921        218        98
150     734        398       118
180     635        507       126
210     587        571       129
240     576        598       129
270     590        606       130
300     605        609       132
330     632        612       132
360     659        615       132
390     692        615       132
420     714        611       132
450     725        578       132
480     740        521       133
510     752        429       134
540     763        331       134
570     760        218       135
600     776        125       135
630     869         70       135
660     932         43       135
690     952         32       135
720     967         27       135
750     979         27       135
780     991         24       135
810    1019         26       135
840    1042         27       135
870    1070         29       135
900    1107         29       136
930    1161         29       136
960    1213         28       137
990    1259         28       137
1020   1310         29       137
1050   1342         28       137
1080   1364         30       137
1110   1395         32       137
1140   1415         36       137
1170   1439         39       137
1200   1441         46       137
1230   1471         44       137
1260   1577         44       137
1290   1725         44       137
1320   1788         45       137
1350   1822         48       137
1380   1852         50       137
1410   1876         51       137
1440   1931         50       137
Alive        1931
Apoptotic     615
Necrotic      137
dtype: int64
Alive        576
Apoptotic      0
Necrotic       0
dtype: int64
         Alive  Apoptotic  Necrotic
Time                               
0     0.274539   0.000000  0.000000
30    0.447970   0.008130  0.000000
60    0.450923   0.021138  0.043796
90    0.399262   0.110569  0.255474
120   0.254613   0.354472  0.715328
150   0.116605   0.647154  0.861314
180   0.043542   0.824390  0.919708
210   0.008118   0.928455  0.941606
240   0.000000   0.972358  0.941606
270   0.010332   0.985366  0.948905
300   0.021402   0.990244  0.963504
330   0.041328   0.995122  0.963504
360   0.061255   1.000000  0.963504
390   0.085609   1.000000  0.963504
420   0.101845   0.993496  0.963504
450   0.109963   0.939837  0.963504
480   0.121033   0.847154  0.970803
510   0.129889   0.697561  0.978102
540   0.138007   0.538211  0.978102
570   0.135793   0.354472  0.985401
600   0.147601   0.203252  0.985401
630   0.216236   0.113821  0.985401
660   0.262731   0.069919  0.985401
690   0.277491   0.052033  0.985401
720   0.288561   0.043902  0.985401
750   0.297417   0.043902  0.985401
780   0.306273   0.039024  0.985401
810   0.326937   0.042276  0.985401
840   0.343911   0.043902  0.985401
870   0.364576   0.047154  0.985401
900   0.391882   0.047154  0.992701
930   0.431734   0.047154  0.992701
960   0.470111   0.045528  1.000000
990   0.504059   0.045528  1.000000
1020  0.541697   0.047154  1.000000
1050  0.565314   0.045528  1.000000
1080  0.581550   0.048780  1.000000
1110  0.604428   0.052033  1.000000
1140  0.619188   0.058537  1.000000
1170  0.636900   0.063415  1.000000
1200  0.638376   0.074797  1.000000
1230  0.660517   0.071545  1.000000
1260  0.738745   0.071545  1.000000
1290  0.847970   0.071545  1.000000
1320  0.894465   0.073171  1.000000
1350  0.919557   0.078049  1.000000
1380  0.941697   0.081301  1.000000
1410  0.959410   0.082927  1.000000
1440  1.000000   0.081301  1.000000
Saving fig as onepulse_run0.png
Saving normalized fig as normalized_onepulse_run0.png
