      Alive  Apoptotic  Necrotic
Time                            
0      1137          0         0
30     1226          0         0
60     1236          2         0
90     1246          6         0
120    1260          9         0
150    1265         21         0
180    1290         22         0
210    1321         22         0
240    1353         25         0
270    1384         29         0
300    1433         31         0
330    1475         32         0
360    1516         36         0
390    1573         39         0
420    1651         38         0
450    1724         41         0
480    1818         44         0
510    1915         47         0
540    2013         53         0
570    2071         55         0
600    2126         54         0
630    2187         56         0
660    2288         57         0
690    2324         72         0
720    2343         75         0
750    2366         84         0
780    2387         86         0
810    2431         87         0
840    2476         85         0
870    2532         81         0
900    2598         78         0
930    2675         81         0
960    2764         82         0
990    2845         81         0
1020   2954         73         0
1050   3094         69         0
1080   3239         65         0
1110   3389         59         0
1140   3578         59         0
1170   3768         58         0
1200   3922         60         0
1230   4035         69         0
1260   4156         70         0
1290   4303         72         0
1320   4426         87         0
1350   4485         94         0
1380   4533        100         0
1410   4574        106         0
1440   4653        114         0
Alive        4653
Apoptotic     114
Necrotic        0
dtype: int64
Alive        1137
Apoptotic       0
Necrotic        0
dtype: int64
         Alive  Apoptotic  Necrotic
Time                               
0     0.000000   0.000000         0
30    0.025313   0.000000         0
60    0.028157   0.017544         0
90    0.031001   0.052632         0
120   0.034983   0.078947         0
150   0.036405   0.184211         0
180   0.043515   0.192982         0
210   0.052332   0.192982         0
240   0.061433   0.219298         0
270   0.070250   0.254386         0
300   0.084187   0.271930         0
330   0.096132   0.280702         0
360   0.107793   0.315789         0
390   0.124005   0.342105         0
420   0.146189   0.333333         0
450   0.166951   0.359649         0
480   0.193686   0.385965         0
510   0.221274   0.412281         0
540   0.249147   0.464912         0
570   0.265643   0.482456         0
600   0.281286   0.473684         0
630   0.298635   0.491228         0
660   0.327361   0.500000         0
690   0.337600   0.631579         0
720   0.343003   0.657895         0
750   0.349545   0.736842         0
780   0.355518   0.754386         0
810   0.368032   0.763158         0
840   0.380830   0.745614         0
870   0.396758   0.710526         0
900   0.415529   0.684211         0
930   0.437429   0.710526         0
960   0.462742   0.719298         0
990   0.485779   0.710526         0
1020  0.516780   0.640351         0
1050  0.556598   0.605263         0
1080  0.597838   0.570175         0
1110  0.640501   0.517544         0
1140  0.694255   0.517544         0
1170  0.748294   0.508772         0
1200  0.792093   0.526316         0
1230  0.824232   0.605263         0
1260  0.858646   0.614035         0
1290  0.900455   0.631579         0
1320  0.935438   0.763158         0
1350  0.952218   0.824561         0
1380  0.965870   0.877193         0
1410  0.977531   0.929825         0
1440  1.000000   1.000000         0
Saving fig as nopulse_run0.png
Saving normalized fig as normalized_nopulse_run0.png
