      Alive  Apoptotic  Necrotic
Time                            
0      1137          0         0
30     1220          5         0
60     1224         12         3
90     1152         60        36
120     975        210        79
150     782        390       107
180     668        513       117
210     617        575       123
240     607        597       125
270     614        607       125
300     626        613       127
330     634        622       129
360     652        626       129
390     681        628       130
420     706        624       131
450     731        602       133
480     764        540       134
510     813        470       135
540     846        351       138
570     871        213       139
600     894        124       139
630     917         74       140
660     957         54       140
690     971         48       141
720     975         46       142
750     980         40       143
780     994         40       143
810    1007         41       145
840    1039         38       145
870    1065         35       145
900    1089         35       145
930    1117         39       146
960    1149         40       147
990    1175         37       150
1020   1229         37       153
1050   1268         40       153
1080   1322         42       155
1110   1376         39       155
1140   1451         38       158
1170   1540         41       159
1200   1593         46       160
1230   1646         48       161
1260   1696         50       164
1290   1756         50       166
1320   1800         51       168
1350   1814         49       171
1380   1827         44       172
1410   1852         49       172
1440   1890         50       172
Alive        1890
Apoptotic     628
Necrotic      172
dtype: int64
Alive        607
Apoptotic      0
Necrotic       0
dtype: int64
         Alive  Apoptotic  Necrotic
Time                               
0     0.413094   0.000000  0.000000
30    0.477786   0.007962  0.000000
60    0.480904   0.019108  0.017442
90    0.424786   0.095541  0.209302
120   0.286828   0.334395  0.459302
150   0.136399   0.621019  0.622093
180   0.047545   0.816879  0.680233
210   0.007794   0.915605  0.715116
240   0.000000   0.950637  0.726744
270   0.005456   0.966561  0.726744
300   0.014809   0.976115  0.738372
330   0.021044   0.990446  0.750000
360   0.035074   0.996815  0.750000
390   0.057677   1.000000  0.755814
420   0.077163   0.993631  0.761628
450   0.096648   0.958599  0.773256
480   0.122369   0.859873  0.779070
510   0.160561   0.748408  0.784884
540   0.186282   0.558917  0.802326
570   0.205768   0.339172  0.808140
600   0.223694   0.197452  0.808140
630   0.241621   0.117834  0.813953
660   0.272798   0.085987  0.813953
690   0.283710   0.076433  0.819767
720   0.286828   0.073248  0.825581
750   0.290725   0.063694  0.831395
780   0.301637   0.063694  0.831395
810   0.311769   0.065287  0.843023
840   0.336711   0.060510  0.843023
870   0.356976   0.055732  0.843023
900   0.375682   0.055732  0.843023
930   0.397506   0.062102  0.848837
960   0.422447   0.063694  0.854651
990   0.442712   0.058917  0.872093
1020  0.484801   0.058917  0.889535
1050  0.515199   0.063694  0.889535
1080  0.557288   0.066879  0.901163
1110  0.599376   0.062102  0.901163
1140  0.657833   0.060510  0.918605
1170  0.727202   0.065287  0.924419
1200  0.768511   0.073248  0.930233
1230  0.809821   0.076433  0.936047
1260  0.848792   0.079618  0.953488
1290  0.895557   0.079618  0.965116
1320  0.929852   0.081210  0.976744
1350  0.940764   0.078025  0.994186
1380  0.950896   0.070064  1.000000
1410  0.970382   0.078025  1.000000
1440  1.000000   0.079618  1.000000
Saving fig as ./figures cell_vs_time/pulsecont_oxy_run0.png
Saving normalized fig as ./figures normalized_cell_vs_time/normalized_pulsecont_oxy_run0.png
      Alive  Apoptotic  Necrotic
Time                            
0      1137          0         0
30        0          0      1188
60        0          0      1188
90        0          0      1188
120       0          0      1188
150       0          0      1188
180       0          0      1188
210       0          0      1188
240       0          0      1188
270       0          0      1188
300       0          0      1188
330       0          0      1188
360       0          0      1188
390       0          0      1188
420       0          0      1188
450       0          0      1188
480       0          0      1188
510       0          0      1188
540       0          0      1188
570       0          0      1188
600       0          0      1188
630       0          0      1188
660       0          0      1188
690       0          0      1188
720       0          0      1188
750       0          0      1188
780       0          0      1188
810       0          0      1188
840       0          0      1188
870       0          0      1188
900       0          0      1188
930       0          0      1188
960       0          0      1188
990       0          0      1188
1020      0          0      1188
1050      0          0      1188
1080      0          0      1188
1110      0          0      1188
1140      0          0      1188
1170      0          0      1188
1200      0          0      1188
1230      0          0      1188
1260      0          0      1188
1290      0          0      1188
1320      0          0      1188
1350      0          0      1188
1380      0          0      1188
1410      0          0      1188
1440      0          0      1188
Alive        1137
Apoptotic       0
Necrotic     1188
dtype: int64
Alive        0
Apoptotic    0
Necrotic     0
dtype: int64
      Alive  Apoptotic  Necrotic
Time                            
0         1          0         0
30        0          0         1
60        0          0         1
90        0          0         1
120       0          0         1
150       0          0         1
180       0          0         1
210       0          0         1
240       0          0         1
270       0          0         1
300       0          0         1
330       0          0         1
360       0          0         1
390       0          0         1
420       0          0         1
450       0          0         1
480       0          0         1
510       0          0         1
540       0          0         1
570       0          0         1
600       0          0         1
630       0          0         1
660       0          0         1
690       0          0         1
720       0          0         1
750       0          0         1
780       0          0         1
810       0          0         1
840       0          0         1
870       0          0         1
900       0          0         1
930       0          0         1
960       0          0         1
990       0          0         1
1020      0          0         1
1050      0          0         1
1080      0          0         1
1110      0          0         1
1140      0          0         1
1170      0          0         1
1200      0          0         1
1230      0          0         1
1260      0          0         1
1290      0          0         1
1320      0          0         1
1350      0          0         1
1380      0          0         1
1410      0          0         1
1440      0          0         1
Saving fig as ./figures cell_vs_time/pulsecont_oxy_run1.png
Saving normalized fig as ./figures normalized_cell_vs_time/normalized_pulsecont_oxy_run1.png
      Alive  Apoptotic  Necrotic
Time                            
0      1137          0         0
30        0          0      1180
60        0          0      1180
90        0          0      1180
120       0          0      1180
150       0          0      1180
180       0          0      1180
210       0          0      1180
240       0          0      1180
270       0          0      1180
300       0          0      1180
330       0          0      1180
360       0          0      1180
390       0          0      1180
420       0          0      1180
450       0          0      1180
480       0          0      1180
510       0          0      1180
540       0          0      1180
570       0          0      1180
600       0          0      1180
630       0          0      1180
660       0          0      1180
690       0          0      1180
720       0          0      1180
750       0          0      1180
780       0          0      1180
810       0          0      1180
840       0          0      1180
870       0          0      1180
900       0          0      1180
930       0          0      1180
960       0          0      1180
990       0          0      1180
1020      0          0      1180
1050      0          0      1180
1080      0          0      1180
1110      0          0      1180
1140      0          0      1180
1170      0          0      1180
1200      0          0      1180
1230      0          0      1180
1260      0          0      1180
1290      0          0      1180
1320      0          0      1180
1350      0          0      1180
1380      0          0      1180
1410      0          0      1180
1440      0          0      1180
Alive        1137
Apoptotic       0
Necrotic     1180
dtype: int64
Alive        0
Apoptotic    0
Necrotic     0
dtype: int64
      Alive  Apoptotic  Necrotic
Time                            
0         1          0         0
30        0          0         1
60        0          0         1
90        0          0         1
120       0          0         1
150       0          0         1
180       0          0         1
210       0          0         1
240       0          0         1
270       0          0         1
300       0          0         1
330       0          0         1
360       0          0         1
390       0          0         1
420       0          0         1
450       0          0         1
480       0          0         1
510       0          0         1
540       0          0         1
570       0          0         1
600       0          0         1
630       0          0         1
660       0          0         1
690       0          0         1
720       0          0         1
750       0          0         1
780       0          0         1
810       0          0         1
840       0          0         1
870       0          0         1
900       0          0         1
930       0          0         1
960       0          0         1
990       0          0         1
1020      0          0         1
1050      0          0         1
1080      0          0         1
1110      0          0         1
1140      0          0         1
1170      0          0         1
1200      0          0         1
1230      0          0         1
1260      0          0         1
1290      0          0         1
1320      0          0         1
1350      0          0         1
1380      0          0         1
1410      0          0         1
1440      0          0         1
Saving fig as ./figures cell_vs_time/pulsecont_oxy_run2.png
Saving normalized fig as ./figures normalized_cell_vs_time/normalized_pulsecont_oxy_run2.png
      Alive  Apoptotic  Necrotic
Time                            
0      1137          0         0
30        0          0      1183
60        0          0      1183
90        0          0      1183
120       0          0      1183
150       0          0      1183
180       0          0      1183
210       0          0      1183
240       0          0      1183
270       0          0      1183
300       0          0      1183
330       0          0      1183
360       0          0      1183
390       0          0      1183
420       0          0      1183
450       0          0      1183
480       0          0      1183
510       0          0      1183
540       0          0      1183
570       0          0      1183
600       0          0      1183
630       0          0      1183
660       0          0      1183
690       0          0      1183
720       0          0      1183
750       0          0      1183
780       0          0      1183
810       0          0      1183
840       0          0      1183
870       0          0      1183
900       0          0      1183
930       0          0      1183
960       0          0      1183
990       0          0      1183
1020      0          0      1183
1050      0          0      1183
1080      0          0      1183
1110      0          0      1183
1140      0          0      1183
1170      0          0      1183
1200      0          0      1183
1230      0          0      1183
1260      0          0      1183
1290      0          0      1183
1320      0          0      1183
1350      0          0      1183
1380      0          0      1183
1410      0          0      1183
1440      0          0      1183
Alive        1137
Apoptotic       0
Necrotic     1183
dtype: int64
Alive        0
Apoptotic    0
Necrotic     0
dtype: int64
      Alive  Apoptotic  Necrotic
Time                            
0         1          0         0
30        0          0         1
60        0          0         1
90        0          0         1
120       0          0         1
150       0          0         1
180       0          0         1
210       0          0         1
240       0          0         1
270       0          0         1
300       0          0         1
330       0          0         1
360       0          0         1
390       0          0         1
420       0          0         1
450       0          0         1
480       0          0         1
510       0          0         1
540       0          0         1
570       0          0         1
600       0          0         1
630       0          0         1
660       0          0         1
690       0          0         1
720       0          0         1
750       0          0         1
780       0          0         1
810       0          0         1
840       0          0         1
870       0          0         1
900       0          0         1
930       0          0         1
960       0          0         1
990       0          0         1
1020      0          0         1
1050      0          0         1
1080      0          0         1
1110      0          0         1
1140      0          0         1
1170      0          0         1
1200      0          0         1
1230      0          0         1
1260      0          0         1
1290      0          0         1
1320      0          0         1
1350      0          0         1
1380      0          0         1
1410      0          0         1
1440      0          0         1
Saving fig as ./figures cell_vs_time/pulsecont_oxy_run3.png
Saving normalized fig as ./figures normalized_cell_vs_time/normalized_pulsecont_oxy_run3.png
      Alive  Apoptotic  Necrotic
Time                            
0      1137          0         0
30        0          0      1167
60        0          0      1167
90        0          0      1167
120       0          0      1167
150       0          0      1167
180       0          0      1167
210       0          0      1167
240       0          0      1167
270       0          0      1167
300       0          0      1167
330       0          0      1167
360       0          0      1167
390       0          0      1167
420       0          0      1167
450       0          0      1167
480       0          0      1167
510       0          0      1167
540       0          0      1167
570       0          0      1167
600       0          0      1167
630       0          0      1167
660       0          0      1167
690       0          0      1167
720       0          0      1167
750       0          0      1167
780       0          0      1167
810       0          0      1167
840       0          0      1167
870       0          0      1167
900       0          0      1167
930       0          0      1167
960       0          0      1167
990       0          0      1167
1020      0          0      1167
1050      0          0      1167
1080      0          0      1167
1110      0          0      1167
1140      0          0      1167
1170      0          0      1167
1200      0          0      1167
1230      0          0      1167
1260      0          0      1167
1290      0          0      1167
1320      0          0      1167
1350      0          0      1167
1380      0          0      1167
1410      0          0      1167
1440      0          0      1167
Alive        1137
Apoptotic       0
Necrotic     1167
dtype: int64
Alive        0
Apoptotic    0
Necrotic     0
dtype: int64
      Alive  Apoptotic  Necrotic
Time                            
0         1          0         0
30        0          0         1
60        0          0         1
90        0          0         1
120       0          0         1
150       0          0         1
180       0          0         1
210       0          0         1
240       0          0         1
270       0          0         1
300       0          0         1
330       0          0         1
360       0          0         1
390       0          0         1
420       0          0         1
450       0          0         1
480       0          0         1
510       0          0         1
540       0          0         1
570       0          0         1
600       0          0         1
630       0          0         1
660       0          0         1
690       0          0         1
720       0          0         1
750       0          0         1
780       0          0         1
810       0          0         1
840       0          0         1
870       0          0         1
900       0          0         1
930       0          0         1
960       0          0         1
990       0          0         1
1020      0          0         1
1050      0          0         1
1080      0          0         1
1110      0          0         1
1140      0          0         1
1170      0          0         1
1200      0          0         1
1230      0          0         1
1260      0          0         1
1290      0          0         1
1320      0          0         1
1350      0          0         1
1380      0          0         1
1410      0          0         1
1440      0          0         1
Saving fig as ./figures cell_vs_time/pulsecont_oxy_run4.png
Saving normalized fig as ./figures normalized_cell_vs_time/normalized_pulsecont_oxy_run4.png
      Alive  Apoptotic  Necrotic
Time                            
0      1137          0         0
30        0          0      1162
60        0          0      1162
90        0          0      1162
120       0          0      1162
150       0          0      1162
180       0          0      1162
210       0          0      1162
240       0          0      1162
270       0          0      1162
300       0          0      1162
330       0          0      1162
360       0          0      1162
390       0          0      1162
420       0          0      1162
450       0          0      1162
480       0          0      1162
510       0          0      1162
540       0          0      1162
570       0          0      1162
600       0          0      1162
630       0          0      1162
660       0          0      1162
690       0          0      1162
720       0          0      1162
750       0          0      1162
780       0          0      1162
810       0          0      1162
840       0          0      1162
870       0          0      1162
900       0          0      1162
930       0          0      1162
960       0          0      1162
990       0          0      1162
1020      0          0      1162
1050      0          0      1162
1080      0          0      1162
1110      0          0      1162
1140      0          0      1162
1170      0          0      1162
1200      0          0      1162
1230      0          0      1162
1260      0          0      1162
1290      0          0      1162
1320      0          0      1162
1350      0          0      1162
1380      0          0      1162
1410      0          0      1162
1440      0          0      1162
Alive        1137
Apoptotic       0
Necrotic     1162
dtype: int64
Alive        0
Apoptotic    0
Necrotic     0
dtype: int64
      Alive  Apoptotic  Necrotic
Time                            
0         1          0         0
30        0          0         1
60        0          0         1
90        0          0         1
120       0          0         1
150       0          0         1
180       0          0         1
210       0          0         1
240       0          0         1
270       0          0         1
300       0          0         1
330       0          0         1
360       0          0         1
390       0          0         1
420       0          0         1
450       0          0         1
480       0          0         1
510       0          0         1
540       0          0         1
570       0          0         1
600       0          0         1
630       0          0         1
660       0          0         1
690       0          0         1
720       0          0         1
750       0          0         1
780       0          0         1
810       0          0         1
840       0          0         1
870       0          0         1
900       0          0         1
930       0          0         1
960       0          0         1
990       0          0         1
1020      0          0         1
1050      0          0         1
1080      0          0         1
1110      0          0         1
1140      0          0         1
1170      0          0         1
1200      0          0         1
1230      0          0         1
1260      0          0         1
1290      0          0         1
1320      0          0         1
1350      0          0         1
1380      0          0         1
1410      0          0         1
1440      0          0         1
Saving fig as ./figures cell_vs_time/pulsecont_oxy_run5.png
Saving normalized fig as ./figures normalized_cell_vs_time/normalized_pulsecont_oxy_run5.png
      Alive  Apoptotic  Necrotic
Time                            
0      1137          0         0
30        0          0      1169
60        0          0      1169
90        0          0      1169
120       0          0      1169
150       0          0      1169
180       0          0      1169
210       0          0      1169
240       0          0      1169
270       0          0      1169
300       0          0      1169
330       0          0      1169
360       0          0      1169
390       0          0      1169
420       0          0      1169
450       0          0      1169
480       0          0      1169
510       0          0      1169
540       0          0      1169
570       0          0      1169
600       0          0      1169
630       0          0      1169
660       0          0      1169
690       0          0      1169
720       0          0      1169
750       0          0      1169
780       0          0      1169
810       0          0      1169
840       0          0      1169
870       0          0      1169
900       0          0      1169
930       0          0      1169
960       0          0      1169
990       0          0      1169
1020      0          0      1169
1050      0          0      1169
1080      0          0      1169
1110      0          0      1169
1140      0          0      1169
1170      0          0      1169
1200      0          0      1169
1230      0          0      1169
1260      0          0      1169
1290      0          0      1169
1320      0          0      1169
1350      0          0      1169
1380      0          0      1169
1410      0          0      1169
1440      0          0      1169
Alive        1137
Apoptotic       0
Necrotic     1169
dtype: int64
Alive        0
Apoptotic    0
Necrotic     0
dtype: int64
      Alive  Apoptotic  Necrotic
Time                            
0         1          0         0
30        0          0         1
60        0          0         1
90        0          0         1
120       0          0         1
150       0          0         1
180       0          0         1
210       0          0         1
240       0          0         1
270       0          0         1
300       0          0         1
330       0          0         1
360       0          0         1
390       0          0         1
420       0          0         1
450       0          0         1
480       0          0         1
510       0          0         1
540       0          0         1
570       0          0         1
600       0          0         1
630       0          0         1
660       0          0         1
690       0          0         1
720       0          0         1
750       0          0         1
780       0          0         1
810       0          0         1
840       0          0         1
870       0          0         1
900       0          0         1
930       0          0         1
960       0          0         1
990       0          0         1
1020      0          0         1
1050      0          0         1
1080      0          0         1
1110      0          0         1
1140      0          0         1
1170      0          0         1
1200      0          0         1
1230      0          0         1
1260      0          0         1
1290      0          0         1
1320      0          0         1
1350      0          0         1
1380      0          0         1
1410      0          0         1
1440      0          0         1
Saving fig as ./figures cell_vs_time/pulsecont_oxy_run6.png
Saving normalized fig as ./figures normalized_cell_vs_time/normalized_pulsecont_oxy_run6.png
      Alive  Apoptotic  Necrotic
Time                            
0      1137          0         0
30        0          0      1161
60        0          0      1161
90        0          0      1161
120       0          0      1161
150       0          0      1161
180       0          0      1161
210       0          0      1161
240       0          0      1161
270       0          0      1161
300       0          0      1161
330       0          0      1161
360       0          0      1161
390       0          0      1161
420       0          0      1161
450       0          0      1161
480       0          0      1161
510       0          0      1161
540       0          0      1161
570       0          0      1161
600       0          0      1161
630       0          0      1161
660       0          0      1161
690       0          0      1161
720       0          0      1161
750       0          0      1161
780       0          0      1161
810       0          0      1161
840       0          0      1161
870       0          0      1161
900       0          0      1161
930       0          0      1161
960       0          0      1161
990       0          0      1161
1020      0          0      1161
1050      0          0      1161
1080      0          0      1161
1110      0          0      1161
1140      0          0      1161
1170      0          0      1161
1200      0          0      1161
1230      0          0      1161
1260      0          0      1161
1290      0          0      1161
1320      0          0      1161
1350      0          0      1161
1380      0          0      1161
1410      0          0      1161
1440      0          0      1161
Alive        1137
Apoptotic       0
Necrotic     1161
dtype: int64
Alive        0
Apoptotic    0
Necrotic     0
dtype: int64
      Alive  Apoptotic  Necrotic
Time                            
0         1          0         0
30        0          0         1
60        0          0         1
90        0          0         1
120       0          0         1
150       0          0         1
180       0          0         1
210       0          0         1
240       0          0         1
270       0          0         1
300       0          0         1
330       0          0         1
360       0          0         1
390       0          0         1
420       0          0         1
450       0          0         1
480       0          0         1
510       0          0         1
540       0          0         1
570       0          0         1
600       0          0         1
630       0          0         1
660       0          0         1
690       0          0         1
720       0          0         1
750       0          0         1
780       0          0         1
810       0          0         1
840       0          0         1
870       0          0         1
900       0          0         1
930       0          0         1
960       0          0         1
990       0          0         1
1020      0          0         1
1050      0          0         1
1080      0          0         1
1110      0          0         1
1140      0          0         1
1170      0          0         1
1200      0          0         1
1230      0          0         1
1260      0          0         1
1290      0          0         1
1320      0          0         1
1350      0          0         1
1380      0          0         1
1410      0          0         1
1440      0          0         1
Saving fig as ./figures cell_vs_time/pulsecont_oxy_run7.png
Saving normalized fig as ./figures normalized_cell_vs_time/normalized_pulsecont_oxy_run7.png
      Alive  Apoptotic  Necrotic
Time                            
0      1137          0         0
30        0          0      1160
60        0          0      1160
90        0          0      1160
120       0          0      1160
150       0          0      1160
180       0          0      1160
210       0          0      1160
240       0          0      1160
270       0          0      1160
300       0          0      1160
330       0          0      1160
360       0          0      1160
390       0          0      1160
420       0          0      1160
450       0          0      1160
480       0          0      1160
510       0          0      1160
540       0          0      1160
570       0          0      1160
600       0          0      1160
630       0          0      1160
660       0          0      1160
690       0          0      1160
720       0          0      1160
750       0          0      1160
780       0          0      1160
810       0          0      1160
840       0          0      1160
870       0          0      1160
900       0          0      1160
930       0          0      1160
960       0          0      1160
990       0          0      1160
1020      0          0      1160
1050      0          0      1160
1080      0          0      1160
1110      0          0      1160
1140      0          0      1160
1170      0          0      1160
1200      0          0      1160
1230      0          0      1160
1260      0          0      1160
1290      0          0      1160
1320      0          0      1160
1350      0          0      1160
1380      0          0      1160
1410      0          0      1160
1440      0          0      1160
Alive        1137
Apoptotic       0
Necrotic     1160
dtype: int64
Alive        0
Apoptotic    0
Necrotic     0
dtype: int64
      Alive  Apoptotic  Necrotic
Time                            
0         1          0         0
30        0          0         1
60        0          0         1
90        0          0         1
120       0          0         1
150       0          0         1
180       0          0         1
210       0          0         1
240       0          0         1
270       0          0         1
300       0          0         1
330       0          0         1
360       0          0         1
390       0          0         1
420       0          0         1
450       0          0         1
480       0          0         1
510       0          0         1
540       0          0         1
570       0          0         1
600       0          0         1
630       0          0         1
660       0          0         1
690       0          0         1
720       0          0         1
750       0          0         1
780       0          0         1
810       0          0         1
840       0          0         1
870       0          0         1
900       0          0         1
930       0          0         1
960       0          0         1
990       0          0         1
1020      0          0         1
1050      0          0         1
1080      0          0         1
1110      0          0         1
1140      0          0         1
1170      0          0         1
1200      0          0         1
1230      0          0         1
1260      0          0         1
1290      0          0         1
1320      0          0         1
1350      0          0         1
1380      0          0         1
1410      0          0         1
1440      0          0         1
Saving fig as ./figures cell_vs_time/pulsecont_oxy_run8.png
Saving normalized fig as ./figures normalized_cell_vs_time/normalized_pulsecont_oxy_run8.png
      Alive  Apoptotic  Necrotic
Time                            
0      1137          0         0
30        0          0      1206
60        0          0      1206
90        0          0      1206
120       0          0      1206
150       0          0      1206
180       0          0      1206
210       0          0      1206
240       0          0      1206
270       0          0      1206
300       0          0      1206
330       0          0      1206
360       0          0      1206
390       0          0      1206
420       0          0      1206
450       0          0      1206
480       0          0      1206
510       0          0      1206
540       0          0      1206
570       0          0      1206
600       0          0      1206
630       0          0      1206
660       0          0      1206
690       0          0      1206
720       0          0      1206
750       0          0      1206
780       0          0      1206
810       0          0      1206
840       0          0      1206
870       0          0      1206
900       0          0      1206
930       0          0      1206
960       0          0      1206
990       0          0      1206
1020      0          0      1206
1050      0          0      1206
1080      0          0      1206
1110      0          0      1206
1140      0          0      1206
1170      0          0      1206
1200      0          0      1206
1230      0          0      1206
1260      0          0      1206
1290      0          0      1206
1320      0          0      1206
1350      0          0      1206
1380      0          0      1206
1410      0          0      1206
1440      0          0      1206
Alive        1137
Apoptotic       0
Necrotic     1206
dtype: int64
Alive        0
Apoptotic    0
Necrotic     0
dtype: int64
      Alive  Apoptotic  Necrotic
Time                            
0         1          0         0
30        0          0         1
60        0          0         1
90        0          0         1
120       0          0         1
150       0          0         1
180       0          0         1
210       0          0         1
240       0          0         1
270       0          0         1
300       0          0         1
330       0          0         1
360       0          0         1
390       0          0         1
420       0          0         1
450       0          0         1
480       0          0         1
510       0          0         1
540       0          0         1
570       0          0         1
600       0          0         1
630       0          0         1
660       0          0         1
690       0          0         1
720       0          0         1
750       0          0         1
780       0          0         1
810       0          0         1
840       0          0         1
870       0          0         1
900       0          0         1
930       0          0         1
960       0          0         1
990       0          0         1
1020      0          0         1
1050      0          0         1
1080      0          0         1
1110      0          0         1
1140      0          0         1
1170      0          0         1
1200      0          0         1
1230      0          0         1
1260      0          0         1
1290      0          0         1
1320      0          0         1
1350      0          0         1
1380      0          0         1
1410      0          0         1
1440      0          0         1
Saving fig as ./figures cell_vs_time/pulsecont_oxy_run9.png
Saving normalized fig as ./figures normalized_cell_vs_time/normalized_pulsecont_oxy_run9.png
      Alive  Apoptotic  Necrotic
Time                            
0      1137          0         0
30        0          0      1185
60        0          0      1185
90        0          0      1185
120       0          0      1185
150       0          0      1185
180       0          0      1185
210       0          0      1185
240       0          0      1185
270       0          0      1185
300       0          0      1185
330       0          0      1185
360       0          0      1185
390       0          0      1185
420       0          0      1185
450       0          0      1185
480       0          0      1185
510       0          0      1185
540       0          0      1185
570       0          0      1185
600       0          0      1185
630       0          0      1185
660       0          0      1185
690       0          0      1185
720       0          0      1185
750       0          0      1185
780       0          0      1185
810       0          0      1185
840       0          0      1185
870       0          0      1185
900       0          0      1185
930       0          0      1185
960       0          0      1185
990       0          0      1185
1020      0          0      1185
1050      0          0      1185
1080      0          0      1185
1110      0          0      1185
1140      0          0      1185
1170      0          0      1185
1200      0          0      1185
1230      0          0      1185
1260      0          0      1185
1290      0          0      1185
1320      0          0      1185
1350      0          0      1185
1380      0          0      1185
1410      0          0      1185
1440      0          0      1185
Alive        1137
Apoptotic       0
Necrotic     1185
dtype: int64
Alive        0
Apoptotic    0
Necrotic     0
dtype: int64
      Alive  Apoptotic  Necrotic
Time                            
0         1          0         0
30        0          0         1
60        0          0         1
90        0          0         1
120       0          0         1
150       0          0         1
180       0          0         1
210       0          0         1
240       0          0         1
270       0          0         1
300       0          0         1
330       0          0         1
360       0          0         1
390       0          0         1
420       0          0         1
450       0          0         1
480       0          0         1
510       0          0         1
540       0          0         1
570       0          0         1
600       0          0         1
630       0          0         1
660       0          0         1
690       0          0         1
720       0          0         1
750       0          0         1
780       0          0         1
810       0          0         1
840       0          0         1
870       0          0         1
900       0          0         1
930       0          0         1
960       0          0         1
990       0          0         1
1020      0          0         1
1050      0          0         1
1080      0          0         1
1110      0          0         1
1140      0          0         1
1170      0          0         1
1200      0          0         1
1230      0          0         1
1260      0          0         1
1290      0          0         1
1320      0          0         1
1350      0          0         1
1380      0          0         1
1410      0          0         1
1440      0          0         1
Saving fig as ./figures cell_vs_time/pulsecont_oxy_run12.png
Saving normalized fig as ./figures normalized_cell_vs_time/normalized_pulsecont_oxy_run12.png
      Alive  Apoptotic  Necrotic
Time                            
0      1137          0         0
30     1230          0         0
60     1222          6         8
90     1154         58        38
120     974        200        88
150     774        388       117
180     664        502       123
210     621        562       124
240     619        579       126
270     618        592       131
300     628        599       133
330     642        602       139
360     666        602       141
390     691        604       144
420     723        599       146
450     736        581       152
480     781        541       152
510     819        467       155
540     861        314       156
570     884        195       158
600     905        105       161
630     928         66       162
660     964         43       164
690     974         32       166
720     977         28       169
750     988         26       169
780    1000         28       170
810    1023         26       170
840    1040         26       172
870    1067         23       176
900    1094         24       177
930    1125         25       179
960    1154         23       181
990    1186         25       184
1020   1239         25       185
1050   1299         27       188
1080   1353         29       191
1110   1411         29       194
1140   1501         33       197
1170   1556         40       200
1200   1607         40       207
1230   1638         49       209
1260   1679         52       218
1290   1730         55       224
1320   1769         57       228
1350   1784         54       229
1380   1797         54       233
1410   1822         55       237
1440   1849         57       240
Alive        1849
Apoptotic     604
Necrotic      240
dtype: int64
Alive        618
Apoptotic      0
Necrotic       0
dtype: int64
         Alive  Apoptotic  Necrotic
Time                               
0     0.421608   0.000000  0.000000
30    0.497157   0.000000  0.000000
60    0.490658   0.009934  0.033333
90    0.435418   0.096026  0.158333
120   0.289196   0.331126  0.366667
150   0.126726   0.642384  0.487500
180   0.037368   0.831126  0.512500
210   0.002437   0.930464  0.516667
240   0.000812   0.958609  0.525000
270   0.000000   0.980132  0.545833
300   0.008123   0.991722  0.554167
330   0.019496   0.996689  0.579167
360   0.038993   0.996689  0.587500
390   0.059301   1.000000  0.600000
420   0.085297   0.991722  0.608333
450   0.095857   0.961921  0.633333
480   0.132413   0.895695  0.633333
510   0.163282   0.773179  0.645833
540   0.197400   0.519868  0.650000
570   0.216084   0.322848  0.658333
600   0.233144   0.173841  0.670833
630   0.251828   0.109272  0.675000
660   0.281072   0.071192  0.683333
690   0.289196   0.052980  0.691667
720   0.291633   0.046358  0.704167
750   0.300569   0.043046  0.704167
780   0.310317   0.046358  0.708333
810   0.329001   0.043046  0.708333
840   0.342811   0.043046  0.716667
870   0.364744   0.038079  0.733333
900   0.386677   0.039735  0.737500
930   0.411860   0.041391  0.745833
960   0.435418   0.038079  0.754167
990   0.461413   0.041391  0.766667
1020  0.504468   0.041391  0.770833
1050  0.553209   0.044702  0.783333
1080  0.597076   0.048013  0.795833
1110  0.644192   0.048013  0.808333
1140  0.717303   0.054636  0.820833
1170  0.761982   0.066225  0.833333
1200  0.803412   0.066225  0.862500
1230  0.828595   0.081126  0.870833
1260  0.861901   0.086093  0.908333
1290  0.903331   0.091060  0.933333
1320  0.935012   0.094371  0.950000
1350  0.947197   0.089404  0.954167
1380  0.957758   0.089404  0.970833
1410  0.978067   0.091060  0.987500
1440  1.000000   0.094371  1.000000
Saving fig as ./figures cell_vs_time/pulsecont_oxy_run13.png
Saving normalized fig as ./figures normalized_cell_vs_time/normalized_pulsecont_oxy_run13.png
      Alive  Apoptotic  Necrotic
Time                            
0      1137          0         0
30     1220          2         3
60     1206          6        23
90     1117         62        72
120     919        222       117
150     730        386       151
180     633        494       162
210     573        555       172
240     556        577       180
270     554        589       188
300     575        594       193
330     577        599       202
360     587        601       205
390     601        601       213
420     623        594       218
450     638        577       228
480     653        541       238
510     673        444       254
540     701        317       261
570     709        188       274
600     721        109       277
630     735         62       284
660     758         35       298
690     758         27       309
720     758         24       314
750     757         20       323
780     764         21       328
810     777         18       335
840     776         19       347
870     786         19       359
900     795         18       368
930     825         17       378
960     843         20       386
990     860         20       395
1020    871         17       406
1050    899         17       413
1080    928         15       429
1110    963         19       439
1140   1008         20       453
1170   1043         21       465
1200   1070         25       477
1230   1073         28       491
1260   1089         28       502
1290   1119         28       516
1320   1144         30       526
1350   1144         32       537
1380   1141         31       551
1410   1140         32       562
1440   1160         35       574
Alive        1220
Apoptotic     601
Necrotic      574
dtype: int64
Alive        554
Apoptotic      0
Necrotic       0
dtype: int64
         Alive  Apoptotic  Necrotic
Time                               
0     0.875375   0.000000  0.000000
30    1.000000   0.003328  0.005226
60    0.978979   0.009983  0.040070
90    0.845345   0.103161  0.125436
120   0.548048   0.369384  0.203833
150   0.264264   0.642263  0.263066
180   0.118619   0.821963  0.282230
210   0.028529   0.923461  0.299652
240   0.003003   0.960067  0.313589
270   0.000000   0.980033  0.327526
300   0.031532   0.988353  0.336237
330   0.034535   0.996672  0.351916
360   0.049550   1.000000  0.357143
390   0.070571   1.000000  0.371080
420   0.103604   0.988353  0.379791
450   0.126126   0.960067  0.397213
480   0.148649   0.900166  0.414634
510   0.178679   0.738769  0.442509
540   0.220721   0.527454  0.454704
570   0.232733   0.312812  0.477352
600   0.250751   0.181364  0.482578
630   0.271772   0.103161  0.494774
660   0.306306   0.058236  0.519164
690   0.306306   0.044925  0.538328
720   0.306306   0.039933  0.547038
750   0.304805   0.033278  0.562718
780   0.315315   0.034942  0.571429
810   0.334835   0.029950  0.583624
840   0.333333   0.031614  0.604530
870   0.348348   0.031614  0.625436
900   0.361862   0.029950  0.641115
930   0.406907   0.028286  0.658537
960   0.433934   0.033278  0.672474
990   0.459459   0.033278  0.688153
1020  0.475976   0.028286  0.707317
1050  0.518018   0.028286  0.719512
1080  0.561562   0.024958  0.747387
1110  0.614114   0.031614  0.764808
1140  0.681682   0.033278  0.789199
1170  0.734234   0.034942  0.810105
1200  0.774775   0.041597  0.831010
1230  0.779279   0.046589  0.855401
1260  0.803303   0.046589  0.874564
1290  0.848348   0.046589  0.898955
1320  0.885886   0.049917  0.916376
1350  0.885886   0.053245  0.935540
1380  0.881381   0.051581  0.959930
1410  0.879880   0.053245  0.979094
1440  0.909910   0.058236  1.000000
Saving fig as ./figures cell_vs_time/pulsecont_oxy_run14.png
Saving normalized fig as ./figures normalized_cell_vs_time/normalized_pulsecont_oxy_run14.png
      Alive  Apoptotic  Necrotic
Time                            
0      1137          0         0
30     1168          4        53
60     1066          7       163
90      913         56       274
120     697        168       386
150     518        267       476
180     406        333       533
210     333        368       585
240     298        380       617
270     262        383       654
300     235        385       687
330     214        387       709
360     202        387       728
390     192        385       748
420     178        378       764
450     166        360       782
480     161        328       797
510     150        263       814
540     143        181       828
570     138         94       837
600     127         42       852
630     116         20       867
660     113         12       880
690     103          6       895
720      91          4       907
750      84          4       916
780      79          4       921
810      74          4       930
840      71          3       934
870      68          4       937
900      66          4       943
930      64          3       946
960      58          3       953
990      54          3       957
1020     51          3       963
1050     45          2       971
1080     42          2       975
1110     44          2       976
1140     40          2       980
1170     38          2       982
1200     36          1       984
1230     33          1       989
1260     34          1       991
1290     33          1       995
1320     31          0       998
1350     31          0       998
1380     29          0      1001
1410     23          0      1007
1440     20          0      1010
Alive        1168
Apoptotic     387
Necrotic     1010
dtype: int64
Alive        20
Apoptotic     0
Necrotic      0
dtype: int64
         Alive  Apoptotic  Necrotic
Time                               
0     0.972997   0.000000  0.000000
30    1.000000   0.010336  0.052475
60    0.911150   0.018088  0.161386
90    0.777875   0.144703  0.271287
120   0.589721   0.434109  0.382178
150   0.433798   0.689922  0.471287
180   0.336237   0.860465  0.527723
210   0.272648   0.950904  0.579208
240   0.242160   0.981912  0.610891
270   0.210801   0.989664  0.647525
300   0.187282   0.994832  0.680198
330   0.168990   1.000000  0.701980
360   0.158537   1.000000  0.720792
390   0.149826   0.994832  0.740594
420   0.137631   0.976744  0.756436
450   0.127178   0.930233  0.774257
480   0.122822   0.847545  0.789109
510   0.113240   0.679587  0.805941
540   0.107143   0.467700  0.819802
570   0.102787   0.242894  0.828713
600   0.093206   0.108527  0.843564
630   0.083624   0.051680  0.858416
660   0.081010   0.031008  0.871287
690   0.072300   0.015504  0.886139
720   0.061847   0.010336  0.898020
750   0.055749   0.010336  0.906931
780   0.051394   0.010336  0.911881
810   0.047038   0.010336  0.920792
840   0.044425   0.007752  0.924752
870   0.041812   0.010336  0.927723
900   0.040070   0.010336  0.933663
930   0.038328   0.007752  0.936634
960   0.033101   0.007752  0.943564
990   0.029617   0.007752  0.947525
1020  0.027003   0.007752  0.953465
1050  0.021777   0.005168  0.961386
1080  0.019164   0.005168  0.965347
1110  0.020906   0.005168  0.966337
1140  0.017422   0.005168  0.970297
1170  0.015679   0.005168  0.972277
1200  0.013937   0.002584  0.974257
1230  0.011324   0.002584  0.979208
1260  0.012195   0.002584  0.981188
1290  0.011324   0.002584  0.985149
1320  0.009582   0.000000  0.988119
1350  0.009582   0.000000  0.988119
1380  0.007840   0.000000  0.991089
1410  0.002613   0.000000  0.997030
1440  0.000000   0.000000  1.000000
Saving fig as ./figures cell_vs_time/pulsecont_oxy_run15.png
Saving normalized fig as ./figures normalized_cell_vs_time/normalized_pulsecont_oxy_run15.png
      Alive  Apoptotic  Necrotic
Time                            
0      1137          0         0
30     1226          0         0
60     1216         11         6
90     1149         65        32
120     954        225        80
150     780        400        94
180     680        506       101
210     627        580       103
240     622        601       104
270     631        613       105
300     648        620       106
330     663        624       106
360     677        623       106
390     712        623       106
420     733        619       107
450     759        591       108
480     801        551       108
510     853        464       109
540     891        354       111
570     908        228       111
600     935        113       112
630     948         71       115
660     988         48       115
690    1002         45       116
720    1012         43       116
750    1030         43       116
780    1032         44       118
810    1046         43       118
840    1070         41       120
870    1104         38       121
900    1140         35       124
930    1176         30       124
960    1214         35       126
990    1243         34       128
1020   1285         34       130
1050   1336         31       130
1080   1389         35       133
1110   1458         37       134
1140   1546         37       136
1170   1613         44       140
1200   1672         43       142
1230   1716         45       143
1260   1755         48       146
1290   1815         45       146
1320   1862         49       148
1350   1875         47       150
1380   1903         48       150
1410   1921         49       151
1440   1949         48       152
Alive        1949
Apoptotic     624
Necrotic      152
dtype: int64
Alive        622
Apoptotic      0
Necrotic       0
dtype: int64
         Alive  Apoptotic  Necrotic
Time                               
0     0.388093   0.000000  0.000000
30    0.455162   0.000000  0.000000
60    0.447626   0.017628  0.039474
90    0.397136   0.104167  0.210526
120   0.250188   0.360577  0.526316
150   0.119066   0.641026  0.618421
180   0.043708   0.810897  0.664474
210   0.003768   0.929487  0.677632
240   0.000000   0.963141  0.684211
270   0.006782   0.982372  0.690789
300   0.019593   0.993590  0.697368
330   0.030897   1.000000  0.697368
360   0.041447   0.998397  0.697368
390   0.067822   0.998397  0.697368
420   0.083647   0.991987  0.703947
450   0.103240   0.947115  0.710526
480   0.134891   0.883013  0.710526
510   0.174077   0.743590  0.717105
540   0.202713   0.567308  0.730263
570   0.215524   0.365385  0.730263
600   0.235870   0.181090  0.736842
630   0.245667   0.113782  0.756579
660   0.275810   0.076923  0.756579
690   0.286360   0.072115  0.763158
720   0.293896   0.068910  0.763158
750   0.307460   0.068910  0.763158
780   0.308968   0.070513  0.776316
810   0.319518   0.068910  0.776316
840   0.337604   0.065705  0.789474
870   0.363225   0.060897  0.796053
900   0.390354   0.056090  0.815789
930   0.417483   0.048077  0.815789
960   0.446119   0.056090  0.828947
990   0.467973   0.054487  0.842105
1020  0.499623   0.054487  0.855263
1050  0.538056   0.049679  0.855263
1080  0.577995   0.056090  0.875000
1110  0.629992   0.059295  0.881579
1140  0.696307   0.059295  0.894737
1170  0.746797   0.070513  0.921053
1200  0.791258   0.068910  0.934211
1230  0.824416   0.072115  0.940789
1260  0.853806   0.076923  0.960526
1290  0.899020   0.072115  0.960526
1320  0.934439   0.078526  0.973684
1350  0.944235   0.075321  0.986842
1380  0.965335   0.076923  0.986842
1410  0.978900   0.078526  0.993421
1440  1.000000   0.076923  1.000000
Saving fig as ./figures cell_vs_time/pulsecont_oxy_run16.png
Saving normalized fig as ./figures normalized_cell_vs_time/normalized_pulsecont_oxy_run16.png
      Alive  Apoptotic  Necrotic
Time                            
0      1137          0         0
30        0          1      1209
60        0          1      1209
90        0          1      1209
120       0          1      1209
150       0          1      1209
180       0          1      1209
210       0          1      1209
240       0          1      1209
270       0          1      1209
300       0          1      1209
330       0          1      1209
360       0          0      1209
390       0          0      1209
420       0          0      1209
450       0          0      1209
480       0          0      1209
510       0          0      1209
540       0          0      1209
570       0          0      1209
600       0          0      1209
630       0          0      1209
660       0          0      1209
690       0          0      1209
720       0          0      1209
750       0          0      1209
780       0          0      1209
810       0          0      1209
840       0          0      1209
870       0          0      1209
900       0          0      1209
930       0          0      1209
960       0          0      1209
990       0          0      1209
1020      0          0      1209
1050      0          0      1209
1080      0          0      1209
1110      0          0      1209
1140      0          0      1209
1170      0          0      1209
1200      0          0      1209
1230      0          0      1209
1260      0          0      1209
1290      0          0      1209
1320      0          0      1209
1350      0          0      1209
1380      0          0      1209
1410      0          0      1209
1440      0          0      1209
Alive        1137
Apoptotic       1
Necrotic     1209
dtype: int64
Alive        0
Apoptotic    0
Necrotic     0
dtype: int64
      Alive  Apoptotic  Necrotic
Time                            
0         1          0         0
30        0          1         1
60        0          1         1
90        0          1         1
120       0          1         1
150       0          1         1
180       0          1         1
210       0          1         1
240       0          1         1
270       0          1         1
300       0          1         1
330       0          1         1
360       0          0         1
390       0          0         1
420       0          0         1
450       0          0         1
480       0          0         1
510       0          0         1
540       0          0         1
570       0          0         1
600       0          0         1
630       0          0         1
660       0          0         1
690       0          0         1
720       0          0         1
750       0          0         1
780       0          0         1
810       0          0         1
840       0          0         1
870       0          0         1
900       0          0         1
930       0          0         1
960       0          0         1
990       0          0         1
1020      0          0         1
1050      0          0         1
1080      0          0         1
1110      0          0         1
1140      0          0         1
1170      0          0         1
1200      0          0         1
1230      0          0         1
1260      0          0         1
1290      0          0         1
1320      0          0         1
1350      0          0         1
1380      0          0         1
1410      0          0         1
1440      0          0         1
Saving fig as ./figures cell_vs_time/pulsecont_oxy_run17.png
Saving normalized fig as ./figures normalized_cell_vs_time/normalized_pulsecont_oxy_run17.png
      Alive  Apoptotic  Necrotic
Time                            
0      1137          0         0
30       15          1      1190
60        0          1      1205
90        0          1      1205
120       0          1      1205
150       0          1      1205
180       0          1      1205
210       0          1      1205
240       0          1      1205
270       0          1      1205
300       0          1      1205
330       0          1      1205
360       0          1      1205
390       0          0      1205
420       0          0      1205
450       0          0      1205
480       0          0      1205
510       0          0      1205
540       0          0      1205
570       0          0      1205
600       0          0      1205
630       0          0      1205
660       0          0      1205
690       0          0      1205
720       0          0      1205
750       0          0      1205
780       0          0      1205
810       0          0      1205
840       0          0      1205
870       0          0      1205
900       0          0      1205
930       0          0      1205
960       0          0      1205
990       0          0      1205
1020      0          0      1205
1050      0          0      1205
1080      0          0      1205
1110      0          0      1205
1140      0          0      1205
1170      0          0      1205
1200      0          0      1205
1230      0          0      1205
1260      0          0      1205
1290      0          0      1205
1320      0          0      1205
1350      0          0      1205
1380      0          0      1205
1410      0          0      1205
1440      0          0      1205
Alive        1137
Apoptotic       1
Necrotic     1205
dtype: int64
Alive        0
Apoptotic    0
Necrotic     0
dtype: int64
         Alive  Apoptotic  Necrotic
Time                               
0     1.000000          0  0.000000
30    0.013193          1  0.987552
60    0.000000          1  1.000000
90    0.000000          1  1.000000
120   0.000000          1  1.000000
150   0.000000          1  1.000000
180   0.000000          1  1.000000
210   0.000000          1  1.000000
240   0.000000          1  1.000000
270   0.000000          1  1.000000
300   0.000000          1  1.000000
330   0.000000          1  1.000000
360   0.000000          1  1.000000
390   0.000000          0  1.000000
420   0.000000          0  1.000000
450   0.000000          0  1.000000
480   0.000000          0  1.000000
510   0.000000          0  1.000000
540   0.000000          0  1.000000
570   0.000000          0  1.000000
600   0.000000          0  1.000000
630   0.000000          0  1.000000
660   0.000000          0  1.000000
690   0.000000          0  1.000000
720   0.000000          0  1.000000
750   0.000000          0  1.000000
780   0.000000          0  1.000000
810   0.000000          0  1.000000
840   0.000000          0  1.000000
870   0.000000          0  1.000000
900   0.000000          0  1.000000
930   0.000000          0  1.000000
960   0.000000          0  1.000000
990   0.000000          0  1.000000
1020  0.000000          0  1.000000
1050  0.000000          0  1.000000
1080  0.000000          0  1.000000
1110  0.000000          0  1.000000
1140  0.000000          0  1.000000
1170  0.000000          0  1.000000
1200  0.000000          0  1.000000
1230  0.000000          0  1.000000
1260  0.000000          0  1.000000
1290  0.000000          0  1.000000
1320  0.000000          0  1.000000
1350  0.000000          0  1.000000
1380  0.000000          0  1.000000
1410  0.000000          0  1.000000
1440  0.000000          0  1.000000
Saving fig as ./figures cell_vs_time/pulsecont_oxy_run18.png
Saving normalized fig as ./figures normalized_cell_vs_time/normalized_pulsecont_oxy_run18.png
      Alive  Apoptotic  Necrotic
Time                            
0      1137          0         0
30      310          0       913
60       27          0      1196
90        4          0      1220
120       0          0      1224
150       0          0      1224
180       0          0      1224
210       0          0      1224
240       0          0      1224
270       0          0      1224
300       0          0      1224
330       0          0      1224
360       0          0      1224
390       0          0      1224
420       0          0      1224
450       0          0      1224
480       0          0      1224
510       0          0      1224
540       0          0      1224
570       0          0      1224
600       0          0      1224
630       0          0      1224
660       0          0      1224
690       0          0      1224
720       0          0      1224
750       0          0      1224
780       0          0      1224
810       0          0      1224
840       0          0      1224
870       0          0      1224
900       0          0      1224
930       0          0      1224
960       0          0      1224
990       0          0      1224
1020      0          0      1224
1050      0          0      1224
1080      0          0      1224
1110      0          0      1224
1140      0          0      1224
1170      0          0      1224
1200      0          0      1224
1230      0          0      1224
1260      0          0      1224
1290      0          0      1224
1320      0          0      1224
1350      0          0      1224
1380      0          0      1224
1410      0          0      1224
1440      0          0      1224
Alive        1137
Apoptotic       0
Necrotic     1224
dtype: int64
Alive        0
Apoptotic    0
Necrotic     0
dtype: int64
         Alive  Apoptotic  Necrotic
Time                               
0     1.000000          0  0.000000
30    0.272647          0  0.745915
60    0.023747          0  0.977124
90    0.003518          0  0.996732
120   0.000000          0  1.000000
150   0.000000          0  1.000000
180   0.000000          0  1.000000
210   0.000000          0  1.000000
240   0.000000          0  1.000000
270   0.000000          0  1.000000
300   0.000000          0  1.000000
330   0.000000          0  1.000000
360   0.000000          0  1.000000
390   0.000000          0  1.000000
420   0.000000          0  1.000000
450   0.000000          0  1.000000
480   0.000000          0  1.000000
510   0.000000          0  1.000000
540   0.000000          0  1.000000
570   0.000000          0  1.000000
600   0.000000          0  1.000000
630   0.000000          0  1.000000
660   0.000000          0  1.000000
690   0.000000          0  1.000000
720   0.000000          0  1.000000
750   0.000000          0  1.000000
780   0.000000          0  1.000000
810   0.000000          0  1.000000
840   0.000000          0  1.000000
870   0.000000          0  1.000000
900   0.000000          0  1.000000
930   0.000000          0  1.000000
960   0.000000          0  1.000000
990   0.000000          0  1.000000
1020  0.000000          0  1.000000
1050  0.000000          0  1.000000
1080  0.000000          0  1.000000
1110  0.000000          0  1.000000
1140  0.000000          0  1.000000
1170  0.000000          0  1.000000
1200  0.000000          0  1.000000
1230  0.000000          0  1.000000
1260  0.000000          0  1.000000
1290  0.000000          0  1.000000
1320  0.000000          0  1.000000
1350  0.000000          0  1.000000
1380  0.000000          0  1.000000
1410  0.000000          0  1.000000
1440  0.000000          0  1.000000
Saving fig as ./figures cell_vs_time/pulsecont_oxy_run19.png
Saving normalized fig as ./figures normalized_cell_vs_time/normalized_pulsecont_oxy_run19.png
      Alive  Apoptotic  Necrotic
Time                            
0      1137          0         0
30      115          5      1095
60        8          5      1203
90        1          5      1210
120       0          5      1211
150       0          5      1211
180       0          5      1211
210       0          5      1211
240       0          5      1211
270       0          5      1211
300       0          5      1211
330       0          5      1211
360       0          4      1211
390       0          3      1211
420       0          1      1211
450       0          0      1211
480       0          0      1211
510       0          0      1211
540       0          0      1211
570       0          0      1211
600       0          0      1211
630       0          0      1211
660       0          0      1211
690       0          0      1211
720       0          0      1211
750       0          0      1211
780       0          0      1211
810       0          0      1211
840       0          0      1211
870       0          0      1211
900       0          0      1211
930       0          0      1211
960       0          0      1211
990       0          0      1211
1020      0          0      1211
1050      0          0      1211
1080      0          0      1211
1110      0          0      1211
1140      0          0      1211
1170      0          0      1211
1200      0          0      1211
1230      0          0      1211
1260      0          0      1211
1290      0          0      1211
1320      0          0      1211
1350      0          0      1211
1380      0          0      1211
1410      0          0      1211
1440      0          0      1211
Alive        1137
Apoptotic       5
Necrotic     1211
dtype: int64
Alive        0
Apoptotic    0
Necrotic     0
dtype: int64
         Alive  Apoptotic  Necrotic
Time                               
0     1.000000        0.0  0.000000
30    0.101143        1.0  0.904211
60    0.007036        1.0  0.993394
90    0.000880        1.0  0.999174
120   0.000000        1.0  1.000000
150   0.000000        1.0  1.000000
180   0.000000        1.0  1.000000
210   0.000000        1.0  1.000000
240   0.000000        1.0  1.000000
270   0.000000        1.0  1.000000
300   0.000000        1.0  1.000000
330   0.000000        1.0  1.000000
360   0.000000        0.8  1.000000
390   0.000000        0.6  1.000000
420   0.000000        0.2  1.000000
450   0.000000        0.0  1.000000
480   0.000000        0.0  1.000000
510   0.000000        0.0  1.000000
540   0.000000        0.0  1.000000
570   0.000000        0.0  1.000000
600   0.000000        0.0  1.000000
630   0.000000        0.0  1.000000
660   0.000000        0.0  1.000000
690   0.000000        0.0  1.000000
720   0.000000        0.0  1.000000
750   0.000000        0.0  1.000000
780   0.000000        0.0  1.000000
810   0.000000        0.0  1.000000
840   0.000000        0.0  1.000000
870   0.000000        0.0  1.000000
900   0.000000        0.0  1.000000
930   0.000000        0.0  1.000000
960   0.000000        0.0  1.000000
990   0.000000        0.0  1.000000
1020  0.000000        0.0  1.000000
1050  0.000000        0.0  1.000000
1080  0.000000        0.0  1.000000
1110  0.000000        0.0  1.000000
1140  0.000000        0.0  1.000000
1170  0.000000        0.0  1.000000
1200  0.000000        0.0  1.000000
1230  0.000000        0.0  1.000000
1260  0.000000        0.0  1.000000
1290  0.000000        0.0  1.000000
1320  0.000000        0.0  1.000000
1350  0.000000        0.0  1.000000
1380  0.000000        0.0  1.000000
1410  0.000000        0.0  1.000000
1440  0.000000        0.0  1.000000
Saving fig as ./figures cell_vs_time/pulsecont_oxy_run20.png
Saving normalized fig as ./figures normalized_cell_vs_time/normalized_pulsecont_oxy_run20.png
      Alive  Apoptotic  Necrotic
Time                            
0      1137          0         0
30       56          1      1161
60        3          1      1214
90        0          1      1217
120       0          1      1217
150       0          1      1217
180       0          1      1217
210       0          1      1217
240       0          1      1217
270       0          1      1217
300       0          1      1217
330       0          1      1217
360       0          1      1217
390       0          1      1217
420       0          1      1217
450       0          1      1217
480       0          0      1217
510       0          0      1217
540       0          0      1217
570       0          0      1217
600       0          0      1217
630       0          0      1217
660       0          0      1217
690       0          0      1217
720       0          0      1217
750       0          0      1217
780       0          0      1217
810       0          0      1217
840       0          0      1217
870       0          0      1217
900       0          0      1217
930       0          0      1217
960       0          0      1217
990       0          0      1217
1020      0          0      1217
1050      0          0      1217
1080      0          0      1217
1110      0          0      1217
1140      0          0      1217
1170      0          0      1217
1200      0          0      1217
1230      0          0      1217
1260      0          0      1217
1290      0          0      1217
1320      0          0      1217
1350      0          0      1217
1380      0          0      1217
1410      0          0      1217
1440      0          0      1217
Alive        1137
Apoptotic       1
Necrotic     1217
dtype: int64
Alive        0
Apoptotic    0
Necrotic     0
dtype: int64
         Alive  Apoptotic  Necrotic
Time                               
0     1.000000          0  0.000000
30    0.049252          1  0.953985
60    0.002639          1  0.997535
90    0.000000          1  1.000000
120   0.000000          1  1.000000
150   0.000000          1  1.000000
180   0.000000          1  1.000000
210   0.000000          1  1.000000
240   0.000000          1  1.000000
270   0.000000          1  1.000000
300   0.000000          1  1.000000
330   0.000000          1  1.000000
360   0.000000          1  1.000000
390   0.000000          1  1.000000
420   0.000000          1  1.000000
450   0.000000          1  1.000000
480   0.000000          0  1.000000
510   0.000000          0  1.000000
540   0.000000          0  1.000000
570   0.000000          0  1.000000
600   0.000000          0  1.000000
630   0.000000          0  1.000000
660   0.000000          0  1.000000
690   0.000000          0  1.000000
720   0.000000          0  1.000000
750   0.000000          0  1.000000
780   0.000000          0  1.000000
810   0.000000          0  1.000000
840   0.000000          0  1.000000
870   0.000000          0  1.000000
900   0.000000          0  1.000000
930   0.000000          0  1.000000
960   0.000000          0  1.000000
990   0.000000          0  1.000000
1020  0.000000          0  1.000000
1050  0.000000          0  1.000000
1080  0.000000          0  1.000000
1110  0.000000          0  1.000000
1140  0.000000          0  1.000000
1170  0.000000          0  1.000000
1200  0.000000          0  1.000000
1230  0.000000          0  1.000000
1260  0.000000          0  1.000000
1290  0.000000          0  1.000000
1320  0.000000          0  1.000000
1350  0.000000          0  1.000000
1380  0.000000          0  1.000000
1410  0.000000          0  1.000000
1440  0.000000          0  1.000000
Saving fig as ./figures cell_vs_time/pulsecont_oxy_run21.png
Saving normalized fig as ./figures normalized_cell_vs_time/normalized_pulsecont_oxy_run21.png
