Alive        1946
Apoptotic     609
Necrotic      172
dtype: int64
Alive        605
Apoptotic      0
Necrotic       0
dtype: int64
         Alive  Apoptotic  Necrotic
Time                               
0     0.255779   0.000000  0.000000
30    0.438479   0.000000  0.000000
60    0.434004   0.014778  0.058140
90    0.375093   0.108374  0.273256
120   0.247576   0.348112  0.523256
150   0.108874   0.638752  0.662791
180   0.029828   0.819376  0.726744
210   0.008949   0.898194  0.744186
240   0.000000   0.947455  0.750000
270   0.005220   0.968801  0.750000
300   0.016406   0.988506  0.750000
330   0.035048   0.990148  0.750000
360   0.056674   0.993432  0.755814
390   0.070843   1.000000  0.773256
420   0.085011   0.981938  0.773256
450   0.102163   0.935961  0.773256
480   0.110365   0.830870  0.784884
510   0.120805   0.697865  0.784884
540   0.128262   0.541872  0.802326
570   0.126025   0.371100  0.813953
600   0.133482   0.220033  0.825581
630   0.188665   0.118227  0.825581
660   0.252051   0.068966  0.831395
690   0.270694   0.041051  0.831395
720   0.278896   0.036125  0.831395
750   0.293811   0.027915  0.837209
780   0.298285   0.032841  0.843023
810   0.324385   0.029557  0.843023
840   0.354959   0.026273  0.843023
870   0.374348   0.027915  0.843023
900   0.396719   0.027915  0.854651
930   0.434004   0.029557  0.854651
960   0.478747   0.029557  0.866279
990   0.513050   0.031199  0.883721
1020  0.539896   0.031199  0.895349
1050  0.564504   0.031199  0.901163
1080  0.589113   0.031199  0.906977
1110  0.608501   0.037767  0.918605
1140  0.624161   0.036125  0.936047
1170  0.636092   0.047619  0.947674
1200  0.642058   0.052545  0.959302
1230  0.652498   0.052545  0.970930
1260  0.735272   0.060755  0.970930
1290  0.842655   0.072250  0.970930
1320  0.906786   0.075534  0.976744
1350  0.923192   0.077176  0.982558
1380  0.945563   0.080460  0.988372
1410  0.964206   0.088670  0.994186
1440  1.000000   0.083744  1.000000
      Alive  Apoptotic  Necrotic
Time                            
0       948          0         0
30     1193          0         0
60     1187          9        10
90     1108         66        47
120     937        212        90
150     751        389       114
180     645        499       125
210     617        547       128
240     605        577       129
270     612        590       129
300     627        602       129
330     652        603       129
360     681        605       130
390     700        609       133
420     719        598       133
450     742        570       133
480     753        506       135
510     767        425       135
540     777        330       138
570     774        226       140
600     784        134       142
630     858         72       142
660     943         42       143
690     968         25       143
720     979         22       143
750     999         17       144
780    1005         20       145
810    1040         18       145
840    1081         16       145
870    1107         17       145
900    1137         17       147
930    1187         18       147
960    1247         18       149
990    1293         19       152
1020   1329         19       154
1050   1362         19       155
1080   1395         19       156
1110   1421         23       158
1140   1442         22       161
1170   1458         29       163
1200   1466         32       165
1230   1480         32       167
1260   1591         37       167
1290   1735         44       167
1320   1821         46       168
1350   1843         47       169
1380   1873         49       170
1410   1898         54       171
1440   1946         51       172
Saving fig as pulsecont_run0.png
Saving normalized fig as normalized_pulsecont_run0.png
