Alive        3366
Apoptotic     209
Necrotic      486
dtype: int64
Alive        1137
Apoptotic       0
Necrotic        0
dtype: int64
         Alive  Apoptotic  Necrotic
Time                               
0     0.000000   0.000000  0.000000
30    0.039928   0.009569  0.000000
60    0.043069   0.023923  0.004115
90    0.027367   0.133971  0.041152
120   0.011664   0.315789  0.059671
150   0.003140   0.440191  0.065844
180   0.005832   0.511962  0.067901
210   0.013010   0.550239  0.067901
240   0.018843   0.564593  0.067901
270   0.030058   0.578947  0.067901
300   0.041723   0.588517  0.067901
330   0.058771   0.593301  0.067901
360   0.075370   0.598086  0.067901
390   0.095559   0.622010  0.067901
420   0.127411   0.626794  0.067901
450   0.162405   0.617225  0.067901
480   0.206819   0.574163  0.067901
510   0.254823   0.492823  0.067901
540   0.294751   0.354067  0.067901
570   0.329744   0.234450  0.067901
600   0.355765   0.196172  0.067901
630   0.385375   0.191388  0.067901
660   0.410049   0.200957  0.104938
690   0.384029   0.291866  0.279835
720   0.339614   0.468900  0.419753
750   0.323463   0.612440  0.444444
780   0.321220   0.655502  0.450617
810   0.329296   0.655502  0.450617
840   0.336474   0.655502  0.450617
870   0.344998   0.636364  0.450617
900   0.357559   0.660287  0.450617
930   0.375505   0.698565  0.450617
960   0.399282   0.698565  0.450617
990   0.430238   0.712919  0.450617
1020  0.468820   0.698565  0.450617
1050  0.516824   0.564593  0.450617
1080  0.593540   0.478469  0.450617
1110  0.671153   0.411483  0.450617
1140  0.754150   0.373206  0.450617
1170  0.828623   0.330144  0.450617
1200  0.908928   0.311005  0.450617
1230  0.960520   0.320574  0.450617
1260  1.000000   0.354067  0.497942
1290  0.965007   0.478469  0.759259
1320  0.910274   0.751196  0.944444
1350  0.886496   0.909091  0.989712
1380  0.876626   0.980861  0.997942
1410  0.875729   0.995215  1.000000
1440  0.881561   1.000000  1.000000
      Alive  Apoptotic  Necrotic
Time                            
0      1137          0         0
30     1226          2         0
60     1233          5         2
90     1198         28        20
120    1163         66        29
150    1144         92        32
180    1150        107        33
210    1166        115        33
240    1179        118        33
270    1204        121        33
300    1230        123        33
330    1268        124        33
360    1305        125        33
390    1350        130        33
420    1421        131        33
450    1499        129        33
480    1598        120        33
510    1705        103        33
540    1794         74        33
570    1872         49        33
600    1930         41        33
630    1996         40        33
660    2051         42        51
690    1993         61       136
720    1894         98       204
750    1858        128       216
780    1853        137       219
810    1871        137       219
840    1887        137       219
870    1906        133       219
900    1934        138       219
930    1974        146       219
960    2027        146       219
990    2096        149       219
1020   2182        146       219
1050   2289        118       219
1080   2460        100       219
1110   2633         86       219
1140   2818         78       219
1170   2984         69       219
1200   3163         65       219
1230   3278         67       219
1260   3366         74       242
1290   3288        100       369
1320   3166        157       459
1350   3113        190       481
1380   3091        205       485
1410   3089        208       486
1440   3102        209       486
Saving fig as pulse600_run0.png
Saving normalized fig as normalized_pulse600_run0.png
      Alive  Apoptotic  Necrotic
Time                            
0      1137          0         0
30     1226          2         0
60     1233          5         2
90     1198         28        20
120    1163         66        29
150    1144         92        32
180    1150        107        33
210    1166        115        33
240    1179        118        33
270    1204        121        33
300    1230        123        33
330    1268        124        33
360    1305        125        33
390    1350        130        33
420    1421        131        33
450    1499        129        33
480    1598        120        33
510    1705        103        33
540    1794         74        33
570    1872         49        33
600    1930         41        33
630    1996         40        33
660    2051         42        51
690    1993         61       136
720    1894         98       204
750    1858        128       216
780    1853        137       219
810    1871        137       219
840    1887        137       219
870    1906        133       219
900    1934        138       219
930    1974        146       219
960    2027        146       219
990    2096        149       219
1020   2182        146       219
1050   2289        118       219
1080   2460        100       219
1110   2633         86       219
1140   2818         78       219
1170   2984         69       219
1200   3163         65       219
1230   3278         67       219
1260   3366         74       242
1290   3288        100       369
1320   3166        157       459
1350   3113        190       481
1380   3091        205       485
1410   3089        208       486
1440   3102        209       486
Alive        3366
Apoptotic     209
Necrotic      486
dtype: int64
Alive        1137
Apoptotic       0
Necrotic        0
dtype: int64
         Alive  Apoptotic  Necrotic
Time                               
0     0.000000   0.000000  0.000000
30    0.039928   0.009569  0.000000
60    0.043069   0.023923  0.004115
90    0.027367   0.133971  0.041152
120   0.011664   0.315789  0.059671
150   0.003140   0.440191  0.065844
180   0.005832   0.511962  0.067901
210   0.013010   0.550239  0.067901
240   0.018843   0.564593  0.067901
270   0.030058   0.578947  0.067901
300   0.041723   0.588517  0.067901
330   0.058771   0.593301  0.067901
360   0.075370   0.598086  0.067901
390   0.095559   0.622010  0.067901
420   0.127411   0.626794  0.067901
450   0.162405   0.617225  0.067901
480   0.206819   0.574163  0.067901
510   0.254823   0.492823  0.067901
540   0.294751   0.354067  0.067901
570   0.329744   0.234450  0.067901
600   0.355765   0.196172  0.067901
630   0.385375   0.191388  0.067901
660   0.410049   0.200957  0.104938
690   0.384029   0.291866  0.279835
720   0.339614   0.468900  0.419753
750   0.323463   0.612440  0.444444
780   0.321220   0.655502  0.450617
810   0.329296   0.655502  0.450617
840   0.336474   0.655502  0.450617
870   0.344998   0.636364  0.450617
900   0.357559   0.660287  0.450617
930   0.375505   0.698565  0.450617
960   0.399282   0.698565  0.450617
990   0.430238   0.712919  0.450617
1020  0.468820   0.698565  0.450617
1050  0.516824   0.564593  0.450617
1080  0.593540   0.478469  0.450617
1110  0.671153   0.411483  0.450617
1140  0.754150   0.373206  0.450617
1170  0.828623   0.330144  0.450617
1200  0.908928   0.311005  0.450617
1230  0.960520   0.320574  0.450617
1260  1.000000   0.354067  0.497942
1290  0.965007   0.478469  0.759259
1320  0.910274   0.751196  0.944444
1350  0.886496   0.909091  0.989712
1380  0.876626   0.980861  0.997942
1410  0.875729   0.995215  1.000000
1440  0.881561   1.000000  1.000000
Saving fig as pulse600_run0.png
Saving normalized fig as normalized_pulse600_run0.png
